4 36 30 3 10 42 
31 13 34 4 45 7 
1 13 39 39 4 6 27 
11 38 8 20 34 9 
36 37 10 9 15 43 
30 37 39 5 27 22 
43 26 2 39 3 33 
8 40 14 11 19 34 
4 37 1 45 10 23 
33 26 31 22 6 40 
19 40 23 9 17 25 
7 3 5 31 28 36 
6 4 22 45 5 3 
39 19 27 14 36 25 
20 43 27 3 17 30 
23 23 22 28 43 19 25 
20 16 1 10 35 45 
39 22 6 26 35 13 
15 25 18 14 17 9 
44 43 33 40 28 35 
10 38 27 22 20 40 
5 40 19 20 35 1 
7 40 41 41 9 27 19 
21 42 24 6 43 31 
20 32 41 23 10 37 
29 25 12 21 2 26 
16 15 34 23 6 5 
15 6 8 30 1 37 
36 4 4 30 2 19 12 
1 42 43 34 35 8 
18 27 11 8 39 36 
2 25 21 38 30 31 
30 39 31 25 7 22 
39 14 6 22 22 27 24 
1 23 2 30 19 36 
18 45 28 34 13 11 
45 38 41 34 22 26 
4 40 42 9 34 6 
28 7 25 14 35 34 
45 42 1 16 23 24 
13 13 37 38 17 10 1 
44 32 26 16 10 18 
35 41 30 23 33 27 
41 31 33 5 1 28 
22 9 23 14 7 27 
11 7 33 19 43 37 
13 6 27 10 43 22 
17 9 18 6 34 39 
39 3 38 42 19 43 
32 1 22 27 13 42 
45 20 3 38 40 43 
20 41 41 7 45 18 15 
5 19 4 35 32 26 
12 39 1 13 15 41 
3 29 5 25 25 16 14 
40 19 34 42 4 12 
43 15 20 6 24 31 
3 9 31 24 16 25 
34 36 39 44 43 13 
34 6 2 45 9 35 
11 6 40 40 22 44 2 
13 20 5 1 12 21 
1 7 45 26 2 35 
21 31 37 35 13 33 
30 7 36 20 34 11 
8 19 4 16 42 32 
16 15 29 12 28 40 
44 20 37 12 14 31 
45 6 4 8 10 26 
33 29 39 5 22 2 
32 8 43 18 20 21 
6 14 27 27 24 31 10 
30 28 45 5 10 43 
18 8 16 42 13 34 
43 43 18 32 32 9 34 45 
26 29 35 11 37 30 
34 21 2 4 17 26 
10 26 1 19 36 8 
11 42 44 22 28 45 
4 14 22 26 43 40 
43 44 20 42 13 9 
21 42 26 29 4 35 
39 41 43 6 32 8 
29 6 11 26 19 17 
16 5 38 11 40 6 
18 13 13 7 33 1 34 
35 36 37 30 29 42 
17 24 4 37 8 32 
26 17 23 40 3 1 
34 4 42 30 21 2 
25 42 10 29 41 11 
38 17 39 42 19 24 
15 1 33 19 22 4 
3 42 11 2 26 10 
11 28 45 31 7 37 
43 26 39 2 12 24 
32 18 6 44 9 12 
9 30 24 29 39 36 
11 41 27 1 10 14 
33 5 34 35 39 25 
